"12","Children and Young Persons (Amendment)"
"","Department  of  Government  Printing"
