"160,000,000","",""
