"32","2006 ⁄”˘ ⁄ﬁ(cid:136)(cid:129) 5 ⁄”˘ ¥(cid:190)ﬂ˘ﬂ"" „(cid:181)”˘"
"","(cid:215){»˘¶˙ﬂ˘ﬂ(cid:190)˘ ¶˛·–˘ –·˘·”˘"
"","§…¨¶˘¶˙ﬂ˘ﬂ¨‚˙(cid:223)”˘–…¨ £(cid:190)˘(cid:190)(cid:215) '¶¨…˘ﬂ˙(cid:190)¶˘¶¨(cid:190)˘"
"","§…¨¶˘¶˙ﬂ˘ﬂ¨‚˙(cid:223)”˘–…¨  £¿¨ﬂ˘ﬂ¨(cid:129)‰¶˙‚"
"","⁄¶‚¶˘¶¨(cid:129)  “˝¶(cid:217)”˘  ˝`(cid:222)  ˛ﬂ»˙(cid:224)˛ﬂ"
"","£(cid:190)˘(cid:190)(cid:215) ˛ﬂ(cid:220)¶¨…˘„˘(cid:218)(cid:176)"
"","“–·˘·(cid:219)˛‰»‰˘‰ (cid:204)–»‰˘„˙(cid:213)” '(cid:129)„(cid:215) (cid:137)(cid:129)`(cid:221)”˘ –·˘·+˘ﬂ¿¨(cid:129)"
"","ﬂ(cid:201)(cid:192)˘ ¶`(cid:222) ‹(cid:129)˛‰ §(cid:221)`˙ﬂ˘—ﬂ¨(cid:129)‰ “˝¶(cid:217)”˘ (cid:204)–»(cid:190)˘"
"","'‚„˘ (cid:204)„˙(cid:221)¿˘„(cid:213)”˘ :-"
"","(£)
(£¶˘¶¨»˙»”˘  218)  •–˘(cid:210)„˘(cid:204)„˙(cid:221)¿˘""  £(cid:137)(cid:129)"
"","”‰˘(cid:222)”˘ £„˙»ﬂ…”˙‚ ‹¿·¶+˘ﬂ¿˘ ﬂ·˘·˛¿–˘"
"","–·˘·”˘ ;"
"","(⁄) „»+˘ﬂ…`˙¶ ¶(cid:213)„˘(cid:218) ”‰˘(cid:222)”˘ ‹(cid:213)ﬂ˘—¶(cid:190)˘ (cid:204)¶˙·…˘"
"","„˙ﬂ  £„˘˝„˙˛¶ﬂ˘—  `(cid:223)(cid:140)(cid:223)¿˘¿  “˝¶(cid:217)”˘"
"","–·˘·”˘ £(cid:190)˘(cid:190)(cid:215) ‹Æ+˘—(cid:140)¶¨ ;"
