",xld m%cd;dka;s%l iudcjd§"
"ckrcfha .eiÜ m;%h"
"2021 ckjdß ui 08 jk Èk"
"II jk fldgi"
"w;sf¾lh"
"^2021'01'11 Èk ksl=;a lrk ,§&"
