"2007 ⁄”˘ ⁄ﬁ(cid:136)(cid:129) 07 ⁄”˘ ¥(cid:190)ﬂ˘ﬂ"" ﬂ”˘(cid:204)„‚¨ﬂ¿˘
501"
"–·˘·”˘"
"(⁄)
¶`(cid:222)˛ﬂ(cid:138)(cid:190)˘ §¿˘¿`˙‰˙‚ ﬂ”˘(cid:204)„‚¨(cid:138)(cid:129) £(cid:223)`(cid:190)…˘"
"‹`˘(cid:204)`˙(cid:221)`(cid:221)”˘ ¶`(cid:204)‰˙(cid:129)‰¨‰˘—ﬂ˘ —‰˘‰`˙¿¨»˙¶(cid:190)˘"
"˝`ﬁ(cid:213)(cid:204)”(cid:129)„(cid:215)·(cid:129)  —‰˘‰¶˘¶(cid:201)…˘„˘„¿¨ﬂ˘ﬂ„˘„·˘·¶(cid:129)"
"˝”(cid:190)˘  ‹…¨(cid:190)·˘–”˘  (cid:244)„˙(cid:226)ﬂ˘—  ˝”‰˘„·˙¶  —‰˘‰„˘"
"„(cid:181)(cid:204)”˙(cid:129)‰¨‰˘— ⁄¿˙¶(cid:223)”˘ ˝`ﬁ(cid:213)”˘(cid:176)"
